0.21 -10.07 1.62
0.10 -9.96 2.52
0.10 -9.83 3.10
0.08 -9.56 3.99
0.12 -9.30 4.66
-0.14 -8.82 5.69
0.27 -8.45 6.23
0.27 -7.69 7.24
0.40 -6.90 8.03
0.41 -6.17 8.62
0.38 -4.74 9.46
0.38 -4.79 9.44
0.35 -3.65 9.98
0.45 -0.59 10.47
0.26 -0.02 10.66
0.47 9.69 1.24
0.56 9.58 2.11
0.19 9.44 2.80
0.19 9.22 3.57
0.19 8.89 4.44
0.19 8.89 4.44
0.31 8.56 5.13
0.38 8.24 5.70
0.02 7.40 6.84
0.22 5.95 8.36
0.18 4.52 9.28
0.01 3.60 9.66
0.14 0.51 10.46
0.15 -0.12 10.44
1.09 -0.24 -9.16
1.50 -0.25 -9.10
2.28 -0.04 -8.88
2.27 -0.03 -8.90
3.28 -0.42 -8.61
4.10 -0.21 -8.26
5.00 -0.15 -7.81
5.80 -0.07 -7.35
6.60 -0.15 -6.87
7.23 -0.12 -6.15
8.13 -0.15 -5.07
8.86 0.04 -3.93
9.29 -0.03 -3.08
10.03 -0.02 0.79
0.96 -0.01 10.59
1.49 0.09 10.53
2.12 -0.17 10.38
3.25 0.02 10.04
3.99 -0.04 9.77
4.97 0.07 9.22
5.63 -0.06 8.61
6.49 -0.01 8.16
7.24 -0.16 7.42
7.25 -0.13 7.52
8.02 0.02 6.68
8.75 -0.20 5.42
9.07 -0.09 4.87
9.17 -0.18 4.53
10.02 -0.08 1.03
10.03 -0.05 0.54
0.20 -0.28 -9.21
0.22 -0.15 10.62
0.05 -10.11 0.92
-9.89 -0.19 0.75
0.44 9.71 0.45
10.03 -0.12 0.71
0.21 9.67 -0.29
0.20 9.67 -0.26
0.17 9.68 -0.18
0.37 9.69 -0.32
0.59 9.55 -1.17
0.73 9.41 -1.80
0.56 9.16 -2.72
0.59 8.86 -3.26
0.63 8.48 -4.04
0.61 7.96 -5.00
0.46 7.42 -5.68
0.47 6.64 -6.44
0.05 5.67 -7.29
0.38 3.87 -8.32
0.42 3.89 -8.31
0.36 3.25 -8.57
0.36 0.28 -9.08
0.29 -0.29 -9.07
0.27 -0.32 -9.14